-10.937500,-388.343750,-552.992188,0.704557
-6.250000,-388.343750,-552.992188,0.718884
-1.562500,-386.781250,-552.992188,0.750784
3.125000,-382.875000,-552.992188,0.812136
5.468750,-376.625000,-552.992188,0.905611
6.250000,-375.843750,-552.992188,0.913870
6.250000,-369.593750,-552.992188,0.999927
8.593750,-363.343750,-552.992188,1.051745
10.156250,-359.437500,-552.992188,1.068904
10.156250,-353.968750,-552.992188,1.092793
8.593750,-349.281250,-552.992188,1.109308
6.250000,-345.375000,-552.992188,1.116335
2.343750,-341.468750,-552.992188,1.114134
-3.906250,-339.125000,-552.992188,1.102324
-4.687500,-338.343750,-552.992188,1.094520
-11.718750,-338.343750,-552.992188,1.063853
-16.406250,-339.906250,-552.992188,1.037315
-21.093750,-343.812500,-552.992188,1.007454
-23.437500,-350.062500,-552.992188,0.990891
-24.218750,-350.843750,-552.992188,0.980000
-24.218750,-355.531250,-552.992188,0.971910
-22.656250,-361.000000,-552.992188,0.966173
-24.218750,-364.906250,-552.992188,0.916037
-24.218750,-373.500000,-552.992188,0.825388
-22.656250,-378.968750,-552.992188,0.769994
-17.968750,-385.218750,-552.992188,0.716336
-11.718750,-387.562500,-552.992188,0.714640
-10.156250,-378.187500,-561.992310,0.903758
-3.125000,-378.187500,-561.992310,0.923228
1.562500,-375.062500,-561.992310,0.969922
3.125000,-371.937500,-561.992310,1.011763
3.125000,-365.687500,-561.992310,1.089697
0.000000,-361.000000,-561.992310,1.141201
0.781250,-355.531250,-561.992310,1.171783
2.343750,-350.843750,-561.992310,1.177346
5.468750,-346.937500,-561.992310,1.158904
10.156250,-346.156250,-561.992310,1.122881
14.843750,-343.031250,-561.992310,1.062096
16.406250,-339.906250,-561.992310,1.024624
16.406250,-333.656250,-561.992310,0.969540
13.281250,-328.968750,-561.992310,0.946474
10.156250,-327.406250,-561.992310,0.951343
1.562500,-327.406250,-561.992310,0.993558
-3.906250,-328.968750,-561.992310,1.018977
-7.031250,-330.531250,-561.992310,1.033152
-10.156250,-333.656250,-561.992310,1.057912
-13.281250,-338.343750,-561.992310,1.083693
-15.625000,-343.812500,-561.992310,1.099201
-17.187500,-348.500000,-561.992310,1.097467
-18.750000,-354.750000,-561.992310,1.074747
-19.531250,-355.531250,-561.992310,1.062934
-19.531250,-368.812500,-561.992310,0.961157
-17.968750,-371.937500,-561.992310,0.939032
-13.281250,-376.625000,-561.992310,0.910562
-3.125000,-364.906250,-573.992432,1.004186
5.468750,-364.906250,-573.992432,0.986897
9.375000,-361.000000,-573.992432,0.994719
9.375000,-360.218750,-573.992432,0.999836
10.156250,-359.437500,-573.992432,0.998653
10.156250,-353.187500,-573.992432,1.022586
11.718750,-350.062500,-573.992432,1.011746
17.968750,-343.812500,-573.992432,0.932000
17.968750,-340.687500,-573.992432,0.916677
15.625000,-337.562500,-573.992432,0.921756
10.156250,-332.093750,-573.992432,0.919213
7.031250,-332.093750,-573.992432,0.939016
6.250000,-332.875000,-573.992432,0.951702
5.468750,-332.875000,-573.992432,0.955466
0.000000,-338.343750,-573.992432,1.023797
-0.781250,-338.343750,-573.992432,1.024606
-1.562500,-339.125000,-573.992432,1.031097
-2.343750,-339.125000,-573.992432,1.031097
-7.031250,-343.812500,-573.992432,1.050818
-7.031250,-344.593750,-573.992432,1.054142
-7.812500,-345.375000,-573.992432,1.054142
-7.812500,-346.156250,-573.992432,1.056641
-10.937500,-349.281250,-573.992432,1.046679
-10.937500,-355.531250,-573.992432,1.038449
-10.156250,-358.656250,-573.992432,1.029064
-7.031250,-361.781250,-573.992432,1.022586
-6.250000,-361.781250,-573.992432,1.025010
-3.906250,-376.625000,-564.992310,0.938807
0.000000,-376.625000,-564.992310,0.938807
3.125000,-371.937500,-564.992310,1.001985
3.125000,-363.343750,-564.992310,1.102415
0.781250,-360.218750,-564.992310,1.134642
2.343750,-354.750000,-564.992310,1.159085
5.468750,-350.843750,-564.992310,1.152243
10.156250,-350.062500,-564.992310,1.118633
14.843750,-346.937500,-564.992310,1.066463
16.406250,-343.812500,-564.992310,1.036991
16.406250,-333.656250,-564.992310,0.960170
10.937500,-328.187500,-564.992310,0.946996
3.125000,-328.187500,-564.992310,0.990972
0.000000,-329.750000,-564.992310,1.019941
-5.468750,-335.218750,-564.992310,1.083862
-6.250000,-335.218750,-564.992310,1.081725
-7.031250,-336.000000,-564.992310,1.087290
-7.812500,-336.000000,-564.992310,1.084290
-14.062500,-342.250000,-564.992310,1.094610
-17.187500,-346.937500,-564.992310,1.083862
-17.187500,-347.718750,-564.992310,1.085574
-17.187500,-348.500000,-564.992310,1.086861
-17.968750,-349.281250,-564.992310,1.079166
-17.968750,-361.000000,-564.992310,1.041503
-16.406250,-365.687500,-564.992310,1.017127
-15.625000,-366.468750,-564.992310,1.016325
-15.625000,-367.250000,-564.992310,1.007935
-10.156250,-372.718750,-564.992310,0.977762
-9.375000,-372.718750,-564.992310,0.981629
-6.250000,-375.843750,-564.992310,0.946622
-5.468750,-375.843750,-564.992310,0.948492
-4.687500,-375.843750,-564.992310,0.949990
-3.906250,-372.718750,-567.992310,0.978840
2.343750,-372.718750,-567.992310,0.974215
3.125000,-371.937500,-567.992310,0.982711
3.125000,-361.781250,-567.992310,1.094520
2.343750,-361.000000,-567.992310,1.103195
3.906250,-356.312500,-567.992310,1.125183
10.156250,-353.968750,-567.992310,1.092793
11.718750,-350.062500,-567.992310,1.082917
17.187500,-344.593750,-567.992310,1.010641
17.187500,-339.906250,-567.992310,0.985819
16.406250,-339.125000,-567.992310,0.989718
16.406250,-335.218750,-567.992310,0.957064
10.937500,-329.750000,-567.992310,0.949163
3.906250,-329.750000,-567.992310,0.990500
0.781250,-331.312500,-567.992310,1.019455
-4.687500,-336.781250,-567.992310,1.080356
-5.468750,-336.781250,-567.992310,1.078652
-6.250000,-337.562500,-567.992310,1.083773
-7.031250,-337.562500,-567.992310,1.081209
-11.718750,-342.250000,-567.992310,1.091500
-11.718750,-343.031250,-567.992310,1.095817
-12.500000,-343.812500,-567.992310,1.094088
-12.500000,-344.593750,-567.992310,1.097548
-15.625000,-347.718750,-567.992310,1.080356
-15.625000,-359.437500,-567.992310,1.055071
-14.062500,-364.125000,-567.992310,1.032821
-9.375000,-368.812500,-567.992310,1.013437
-8.593750,-368.812500,-567.992310,1.017044
-5.468750,-371.937500,-567.992310,0.986987
-4.687500,-371.937500,-567.992310,0.988547
-4.687500,-368.031250,-570.992371,1.008723
2.343750,-368.031250,-570.992371,1.005146
3.906250,-364.906250,-570.992371,1.032897
3.906250,-360.218750,-570.992371,1.071517
10.156250,-357.875000,-570.992371,1.046852
10.156250,-353.187500,-570.992371,1.063091
11.718750,-350.062500,-570.992371,1.051822
17.968750,-343.812500,-570.992371,0.968918
17.968750,-340.687500,-570.992371,0.952987
16.406250,-336.781250,-570.992371,0.943258
10.937500,-331.312500,-570.992371,0.940655
3.906250,-331.312500,-570.992371,0.981621
-1.562500,-336.781250,-570.992371,1.051822
-2.343750,-336.781250,-570.992371,1.051822
-3.125000,-337.562500,-570.992371,1.058486
-3.906250,-337.562500,-570.992371,1.057650
-9.375000,-343.031250,-570.992371,1.078305
-9.375000,-343.812500,-570.992371,1.082143
-10.156250,-344.593750,-570.992371,1.081289
-10.156250,-345.375000,-570.992371,1.084280
-13.281250,-348.500000,-570.992371,1.070671
-13.281250,-357.875000,-570.992371,1.053068
-12.500000,-361.000000,-570.992371,1.039851
-7.812500,-365.687500,-570.992371,1.025180
-10.937500,-386.000000,-555.992188,0.759491
-0.781250,-386.000000,-555.992188,0.779228
3.125000,-382.875000,-555.992188,0.828064
5.468750,-376.625000,-555.992188,0.923372
6.250000,-375.843750,-555.992188,0.931793
6.250000,-369.593750,-555.992188,1.019539
8.593750,-363.343750,-555.992188,1.072372
9.375000,-362.562500,-555.992188,1.073219
7.812500,-358.656250,-555.992188,1.112908
10.156250,-353.968750,-555.992188,1.114226
8.593750,-349.281250,-555.992188,1.131064
7.812500,-348.500000,-555.992188,1.135986
10.156250,-344.593750,-555.992188,1.106338
8.593750,-341.468750,-555.992188,1.102415
4.687500,-337.562500,-555.992188,1.095907
-1.562500,-335.218750,-555.992188,1.088148
-2.343750,-334.437500,-555.992188,1.079592
-10.156250,-334.437500,-555.992188,1.056408
-14.062500,-339.125000,-555.992188,1.073219
-21.093750,-343.812500,-555.992188,1.027214
-21.875000,-349.281250,-555.992188,1.031276
-22.656250,-350.062500,-555.992188,1.021150
-22.656250,-353.187500,-555.992188,1.018734
-23.437500,-353.968750,-555.992188,1.006345
-23.437500,-358.656250,-555.992188,0.988628
-22.656250,-359.437500,-555.992188,0.994891
-22.656250,-360.218750,-555.992188,0.990190
-22.656250,-361.000000,-555.992188,0.985122
-23.437500,-361.781250,-555.992188,0.969308
-23.437500,-370.375000,-555.992188,0.888688
-21.875000,-375.062500,-555.992188,0.848246
-20.312500,-378.187500,-555.992188,0.820258
-14.062500,-384.437500,-555.992188,0.770056
-12.500000,-381.312500,-558.992249,0.839784
0.000000,-381.312500,-558.992249,0.869466
0.781250,-380.531250,-558.992249,0.881909
1.562500,-380.531250,-558.992249,0.880518
4.687500,-377.406250,-558.992249,0.923228
6.250000,-374.281250,-558.992249,0.964577
6.250000,-369.593750,-558.992249,1.029488
7.031250,-368.812500,-558.992249,1.034784
7.031250,-364.906250,-558.992249,1.078572
3.906250,-359.437500,-558.992249,1.141201
5.468750,-353.187500,-558.992249,1.160735
8.593750,-350.843750,-558.992249,1.142553
7.031250,-346.937500,-558.992249,1.149338
11.718750,-345.375000,-558.992249,1.105728
12.500000,-344.593750,-558.992249,1.094871
13.281250,-342.250000,-558.992249,1.075171
11.718750,-339.125000,-558.992249,1.069669
7.031250,-334.437500,-558.992249,1.062096
1.562500,-331.312500,-558.992249,1.047937
-2.343750,-330.531250,-558.992249,1.041751
-5.468750,-329.750000,-558.992249,1.027053
-6.250000,-330.531250,-558.992249,1.035601
-7.031250,-330.531250,-558.992249,1.033152
-10.156250,-333.656250,-558.992249,1.057912
-14.062500,-339.125000,-558.992249,1.083693
-17.968750,-341.468750,-558.992249,1.062096
-18.750000,-345.375000,-558.992249,1.072205
-20.312500,-351.625000,-558.992249,1.061676
-21.093750,-352.406250,-558.992249,1.050837
-21.093750,-371.937500,-558.992249,0.906259
-19.531250,-375.062500,-558.992249,0.881214
-14.062500,-380.531250,-558.992249,0.843106
-13.281250,-380.531250,-558.992249,0.848112
